Taxa	trait1	trait2	trait3	trait4	trait5	trait6
30_1	-0.001837054	-0.96587057	1.40383702	-767.5728512	-3.159640783	134.4940434
30_2	0.005413406	-3.105350377	1.960805373	-264.1379592	4.37711369	268.8252705
30_3	-0.023546587	-8.886148794	9.711340226	-545.0104599	8.60465724	119.0086423
30_4	-0.01449423	-9.780209992	7.001524086	-868.9336526	5.575925609	131.4949989
30_5	-0.009123419	-5.728487204	0.575239534	-34.10396795	-4.030667271	209.6382558
30_6	-0.020503949	-3.738670492	-1.97605535	-1153.557207	4.524328101	140.9919272
30_7	-0.019462501	-11.53349883	7.247875405	-481.4435878	1.147499026	85.57036487
30_8	-0.010913377	3.46118467	-5.165941986	-671.7919625	-7.200492883	78.13905287
30_9	-0.020313115	-0.488536431	3.319448651	-790.41055	1.070441662	136.5972189
30_10	-0.016650217	-3.881103644	2.008736611	-554.4424672	-4.272648786	120.4974346
30_11	-0.024275403	-4.227161064	9.821018173	1107.633633	5.731436849	170.2827068
30_12	-0.021681415	-6.376449348	5.895079005	-92.62965977	4.200422146	282.9586089
30_13	-0.02312697	-5.183342098	6.345994433	210.5754061	9.364827096	174.5798592
30_14	-0.012188022	0.22863094	4.703538618	-726.9422671	5.738419408	134.3305455
30_15	-0.011784137	0.106426477	2.370725731	-233.6514299	1.257423013	250.6758356
30_16	-0.01508275	-6.040247503	6.01075223	1929.144848	7.781071789	249.4112181
30_17	-0.026468269	2.643834699	-2.765863513	4220.059628	-0.491190905	120.024619
30_18	-0.027976884	2.532289921	6.26839154	129.1491379	3.92684036	152.7533969
30_19	-0.008014845	3.513412065	-1.467666262	-623.0836187	-7.185431151	-147.3624628
30_20	-0.007434458	-3.324408365	-0.931639793	-1342.414313	-4.755186513	-19.7082908
30_21	-0.020246585	-7.407070644	2.851025717	-1298.704626	-7.013892822	282.8417559
30_22	-0.027011691	-5.056656208	3.793913882	822.1276356	4.019641457	200.5979477
30_23	0.009920172	2.228039962	0.467237472	682.8203422	6.245863824	148.2404594
30_24	-0.003489511	2.949131441	6.843996748	2554.991752	8.66203026	293.1231465
30_25	-0.006649937	2.297163435	-0.98155206	-664.7527512	-0.122693753	19.91213033
30_26	-0.013380851	2.615890448	2.358968354	-803.3614883	-2.797090824	58.50015913
30_27	-0.021694977	0.706452243	3.623021985	868.6994871	10.34360781	236.049055
30_28	0.002457795	4.056293567	1.173332047	1038.493247	8.751149406	192.5708701
30_29	-0.00754464	4.476232437	-0.028871839	-883.6919538	9.624261869	189.0602725
30_30	0.003812958	-0.906306412	6.86343091	1557.10367	-4.681437111	-52.98697417
7_1	-0.004819691	3.427766639	-0.702904567	-1135.187407	-12.40990249	-119.3337419
7_2	-0.006482225	-0.242554349	-3.602528817	1459.200535	12.10719436	86.85308343
7_3	0.004807286	-2.626812543	-1.149945909	625.6522852	5.773740382	114.2824086
7_4	-0.011971885	-4.146328195	2.390865942	1623.868233	14.93359404	279.0803167
7_5	0.011332766	0.394260848	0.69231727	-1077.557489	-5.721614094	-111.0431292
7_6	0.005643971	1.335561886	-0.257455611	3716.476525	20.83803602	98.23089654
7_7	-0.004688552	-0.498799943	0.277388637	-1498.447932	2.64256836	164.8433266
7_8	0.006010717	-8.603416455	-3.203459598	1692.881945	14.7594913	80.32664103
7_9	0.034618073	3.206055491	4.21094818	8.749146025	7.931332875	90.25347691
7_10	-0.025047209	5.64002342	-0.812820064	2384.357014	16.79863831	259.4779015
7_11	-0.014299479	4.646106037	-2.53121463	1485.99874	-4.885256995	286.7371158
7_12	-0.001099431	2.92149165	3.045010233	1145.649961	7.965515212	-117.1112995
7_13	-0.00658071	1.349483642	-0.981439289	1602.544839	13.42220688	168.1587399
7_14	-0.022497553	1.879741358	-4.899934719	-428.0916566	0.188289657	82.53057827
7_15	0.015321723	-5.299382653	-5.528688084	1322.472285	13.05724616	170.5647724
7_16	-0.007257146	1.745248398	-2.162561645	-1687.957708	10.25994787	135.0385105
7_17	0.000114994	-5.006019018	-3.33982739	971.3178906	-7.924008431	72.82073512
7_18	0.008363028	-6.244702014	-3.925322034	502.9103955	7.272159641	-110.4721645
7_19	-0.01371953	0.086213583	-2.089584153	1841.489778	19.93939469	247.0240917
7_20	-0.012935217	-2.608854633	0.267601662	2142.197227	3.076440532	114.1659907
7_21	-0.007235003	-8.903793559	-0.680511468	-358.5242631	14.81548464	162.416272
7_22	-0.022179715	-1.327626662	-1.852094175	1507.046365	1.639030761	162.102188
7_23	-0.010085898	-4.70441696	-3.564991132	908.5734993	7.461059793	59.53058661
7_24	-0.015342852	-7.149052443	-3.555164488	293.7717771	6.062522492	-123.0336736
7_25	-0.008085317	-6.866261211	0.654997473	2739.347575	14.99331097	213.6942676
7_27	0.003644055	4.459543356	-4.607706459	1493.474492	-5.354560579	185.8256346
7_28	-0.003185375	2.458039375	0.391856061	-680.7234705	11.29576565	103.4667022
7_29	-0.015429369	1.905866523	-2.670472937	3606.351345	9.406360629	167.9991786
7_30	-0.00736201	2.114076287	-1.182258947	1612.931765	13.55276989	237.1068021
7_31	-0.039550141	-1.524181037	-3.037028611	2283.130151	8.902596229	21.66629337
7_32	0.003808578	-6.665270731	1.806214145	1559.007848	-0.688268988	-101.9714868
19_1	-0.013531873	-3.127001342	-3.953894868	-1018.77141	8.595102521	661.1611315
19_2	-0.005329603	3.713727932	-1.999686881	-1801.393336	0.068319727	279.8452835
19_3	0.005432386	-2.798794085	5.942145288	-376.9674163	-7.204241952	-176.0831096
19_4	0.002346223	-3.05573037	2.165832192	-1727.807686	-4.09204954	-232.7180842
19_5	-0.010565321	0.372029068	-1.793211159	1806.618473	2.111353557	10.86157608
19_6	-0.008285016	-3.874176605	-0.200304195	-878.0257114	-4.685346681	-136.6503819
19_7	-0.008718252	-2.41639686	-0.786484039	1519.923837	-1.452355105	210.1652708
19_8	0.008232106	4.824918277	6.00552956	1434.132033	2.518452128	186.3287338
19_10	-0.009795663	2.723874463	-0.729769293	520.1394927	-4.826168859	-103.9370026
19_11	0.025123638	1.816389359	3.650188126	1770.262948	-1.208510562	-144.4027671
19_12	0.007285718	-4.447773566	3.532305703	615.8739511	1.255967726	130.4412303
19_13	-0.00418631	-2.995214401	3.814377598	-393.6209707	5.633723589	54.38722485
19_14	-0.004397314	-6.493289187	2.344006504	-500.1312868	-9.152203166	-82.11713217
19_15	0.009674279	5.126228511	5.005537416	-1436.689044	-6.760082085	50.31750787
19_16	0.007903278	3.464373151	0.448472619	127.5080366	4.089169769	-6.125562107
19_17	-0.002162628	-7.08037478	7.035549909	-843.5512038	0.534706085	194.0104277
19_18	0.017349219	-1.494347653	4.406062912	-942.2435763	6.6515393	68.64351524
19_19	0.001192644	-0.796246473	-1.211251836	-1197.984308	-1.644846521	-123.8355917
19_20	0.014312268	2.190340539	4.590332308	313.8452099	-0.141706015	127.4589512
19_21	0.00792384	3.794425663	-1.729750005	-1511.205415	-7.508955872	108.1797426
19_22	-0.010488036	4.545088731	-3.788034349	2133.556207	-3.626158562	-45.06936837
19_23	0.004287583	2.684396439	-1.567266559	-372.8314497	-9.394875356	-208.9933834
19_24	-0.005484168	-2.887810946	-2.997484023	-17.07081687	0.05762155	-144.0956467
19_25	-0.005394922	-0.365281139	-0.71454991	404.1639581	-4.398214671	-53.63119548
19_26	0.02155362	4.720998176	-4.714533455	975.0703304	7.2994693	38.87121244
19_27	-0.001204903	1.192939803	-0.9015295	-2058.747716	0.323247263	-64.21565854
19_28	0.001196646	1.64867879	-5.311621025	-1809.269843	6.165142567	65.23916575
19_29	-0.007197355	-1.453249118	-0.468927874	-973.7538489	-0.345862719	155.2905765
19_30	-0.000339128	0.595693973	5.743344431	-1061.926348	-8.955699757	6.497825444
19_31	0.001796476	1.251576284	2.566126626	292.6465862	3.834222734	-138.0151006
19_32	0.003270786	3.667435699	-1.636425874	336.4516211	-3.993981161	-200.1964143
18_1	-0.01571111	-2.516833606	1.545131321	-1271.073787	-5.383738743	437.0145819
18_2	-0.00753223	0.333131599	3.16805589	-272.4062471	-1.380995565	832.2873375
18_3	-0.010264833	-1.016668585	7.592216014	-787.4296225	7.009818697	-217.3868798
18_4	-0.014638409	0.658104019	0.076032589	-476.5628901	5.603519804	16.74402974
18_5	0.005719131	0.836301764	4.643450909	-1799.154676	2.337445927	187.5049002
18_6	-0.025908792	-7.232716139	7.907001151	-1349.68432	-2.901324182	54.22121686
18_7	-0.002954574	-3.651246319	-1.377143197	659.8456438	-2.829645387	-107.7253882
18_8	-0.013028767	5.262659926	2.223855869	-946.298047	-4.822169979	-170.2557725
18_9	0.004723057	1.303826614	-2.697209985	-1433.640721	-12.95058272	-189.8924066
18_10	-0.023226252	5.098942228	-1.0982955	-1669.886635	-10.42083965	68.27907583
18_11	-0.007568735	0.724403713	-2.901657001	-924.472184	-1.301647832	-162.0917895
18_12	-0.002200965	3.443187335	13.56502298	15569.10753	0.741530835	200.1091538
18_13	-0.014041218	2.297163437	8.948141398	-5.108869318	-4.710544309	-63.87886018
18_14	-0.015911895	0.392929201	1.278599164	1645.195576	10.15612242	142.5808358
18_15	-0.01925989	-1.291273096	7.036609047	4689.129082	2.254075743	345.5574963
18_16	-0.009648328	-4.873623639	-3.882931568	490.7203811	8.051357636	-150.5187868
18_17	0.002667411	3.221031738	4.002558925	-1237.08327	-6.580490234	-129.7590424
18_18	0.001784634	-2.249558454	-4.680427605	4676.644556	-4.217809487	129.8382165
18_19	0.011109957	0.884662859	-1.020818813	1411.434691	3.10522315	-128.026236
18_20	-0.027684139	-5.178697625	-4.06979872	499.1826427	-3.891260352	-215.9047059
18_21	0.000347965	-0.391406304	0.017901453	-1990.980643	-7.969926287	37.17158755
18_22	0.003277722	-0.725808414	-3.962912159	-1849.526329	-13.1391788	-229.826372
18_23	-0.003279277	-6.681184884	6.523046334	-1267.105988	4.728056071	-127.6634128
18_24	-0.007067224	-2.679390186	0.466626065	44.61772843	-4.348684034	-110.1598324
18_25	-0.010582324	1.729376523	5.066806156	-521.5946121	-8.661710584	-183.683524
18_26	-0.019179286	7.375895485	1.141193424	197.9905794	3.582182153	-205.5151888
18_27	-0.018118993	8.098111152	3.222982338	-485.2944413	2.576314269	-122.6599958
18_28	-0.003324623	1.650943373	5.304460633	-960.7673707	-4.179867013	-196.1644623
18_29	0.016351175	-1.82008787	-2.419095522	-1302.824406	1.536431609	-62.79022021
18_30	0.016764196	-2.745645005	-5.136132522	-536.0561183	-12.72277895	-218.2424926
18_31	-0.015668149	3.132588153	0.099100101	-612.7685679	9.103810246	-249.3016205
18_32	0.001511547	5.211816149	3.52887257	-1109.803205	5.488235451	-187.3919045
18_33	-0.001035422	5.131005547	2.196682717	-1471.810676	10.17688517	-195.0690789
26_1	0.008392353	5.111666252	4.166754885	-589.2349922	10.22898011	32.6644607
26_2	0.01246015	-0.527808876	4.461400402	-498.9688357	7.449672204	-24.56405441
26_3	-0.004224291	2.513131468	1.294791041	609.2490528	5.302587462	-61.27642481
26_4	0.019111617	1.309423682	8.469540388	930.985171	3.306739034	-72.3401247
26_5	0.023291435	-4.697497963	6.475218378	95.41712975	-0.2917673	-128.924525
26_6	0.006237953	3.543802378	-3.902896283	114.2845686	-7.752173864	2.855388868
26_7	-0.014643521	-9.381365809	7.793844995	-957.517259	5.505195075	3.927596883
26_8	0.015613648	-3.328455394	6.669611539	177.7637938	6.212301877	98.17181499
26_9	-0.000434558	6.492284353	3.058765597	-819.2204142	2.870834797	-31.86388434
26_10	0.019378917	0.524716145	0.445593896	428.096452	5.336517951	31.12869161
26_11	0.016390961	0.718193957	-3.502438935	618.6705474	-7.53445458	-53.3224442
26_12	0.024171818	3.800047973	4.339744806	-661.7971005	14.37732827	-32.01293792
26_13	0.008174987	3.720618746	3.495725494	206.7327981	2.504631895	-104.1286666
26_14	0.016681787	3.195004467	6.45082267	-756.1030549	0.236583817	-15.0107319
26_15	0.021045635	2.499480712	1.888621552	80.95791336	6.870780296	-46.71594508
26_16	0.016291624	4.154371393	6.198913768	-178.2855076	3.145321058	13.86218005
26_17	0.024017823	-3.350654542	-1.808835763	-1025.715839	3.650132602	-1.343764307
26_18	0.012933628	0.068255671	0.60083318	-771.7022721	5.92015804	-114.4155832
26_19	0.003613383	-3.607590827	3.265915695	93.17435992	6.264419112	66.04179415
26_20	0.006893901	-8.584004585	0.91326604	136.46618	7.933394066	5.93915987
26_21	0.03611365	2.064346684	6.00168367	421.8264419	6.420299237	-108.3059752
26_22	-0.008174216	-2.660231732	1.628021567	186.7218688	3.379014914	-31.57846258
26_23	-0.012029091	0.884082299	3.473185329	243.7212254	9.100734563	-45.76827183
26_24	-0.008367704	4.318670639	4.232475943	158.1762017	10.90122183	132.925465
26_25	0.011119156	0.459185605	3.08497241	-1267.163892	1.79271402	-33.17379584
26_26	0.004106423	0.952007727	-2.09102289	-184.2896957	6.957266213	2.618078048
26_27	0.001077349	-2.993688282	7.467648415	-746.8540454	10.56502361	-46.33729493
26_28	0.012350326	0.261648571	5.378503099	-313.5837565	8.149803265	-67.06469651
26_29	0.019452567	-0.766096561	5.368543416	901.4556282	6.186700731	-0.214221118
26_30	0.006601178	-2.137804778	-4.671827472	1121.98118	6.670060253	-18.13244487
26_31	0.003216704	1.16852314	2.005160005	148.6174906	-4.763928752	198.1752231
26_32	0.002398876	2.6251861	6.77515257	729.0544986	10.1324477	-14.87622814
22_1	0.020280812	1.682395705	4.322372131	-1095.128306	-4.884966084	-77.19137756
22_2	0.018679744	-0.073259854	2.450844207	302.9018408	-8.777468556	57.6128335
22_3	0.019875511	4.298351064	3.156921477	217.3877577	-3.879869357	111.9289593
22_4	0.011365627	1.589152699	-1.745048852	-105.2548237	-5.043166851	-43.65888981
22_5	0.021396047	7.480396144	3.077681449	87.64566873	-6.546703221	13.72911162
22_6	0.015000373	0.193216828	2.085066806	-645.0543961	3.202616016	64.07169704
22_7	0.011591278	-4.687372095	4.071919355	127.0243252	4.251453786	30.61108933
22_8	0.014574328	2.884340692	1.137378751	715.2865258	0.405292468	-16.35608205
22_9	-0.008986991	7.482110673	0.22841041	1355.473806	-4.996959934	143.7235601
22_10	-0.00343874	4.336087416	-4.066833855	-557.8525472	-4.239696094	137.3414646
22_11	0.005110518	2.420822551	0.541829297	709.9651626	3.734496354	93.4876193
22_12	0.052668115	7.309711732	-0.291197499	-173.6559131	-0.100967409	-70.99108667
22_13	0.020609508	0.064802227	1.236198419	54.18289741	3.223724068	88.70524137
22_14	0.020992402	5.265689887	0.390635151	1031.344896	-4.242376426	-108.661221
22_15	0.005243311	3.226776158	-2.323132403	397.5393047	-3.060873486	-140.8651721
22_16	0.020401867	3.75722526	0.854855219	-154.828666	-5.616686683	-128.3645461
22_17	0.003474123	3.206746179	6.544069881	-133.4845059	2.124170446	40.07446437
22_18	-0.005107946	-0.490101372	5.002344204	16.19277087	-2.753791724	-163.2062333
22_19	0.013595806	5.061936653	2.872516987	-686.3076553	-4.405616943	264.1792598
22_20	0.025418542	3.383389738	-1.269290599	356.3493756	-4.160249015	-110.2220142
22_21	-0.006086103	0.486122475	-2.245067963	975.4571852	3.766376088	-86.13442036
22_22	0.016023134	2.447679042	3.626489501	619.9779144	-6.086373445	222.8436687
22_23	0.000681463	-0.916812398	0.444493122	-807.6907178	0.059288272	-147.0173927
22_24	-0.011467491	2.500939724	2.008329763	564.189041	-6.613289859	-16.12689117
22_25	0.00134487	4.905339346	2.034552979	1177.604075	-2.834959563	128.1925652
22_26	0.006634067	1.240354788	1.115092826	538.492333	-1.403416682	278.7220611
22_27	0.008625602	-7.986091952	5.888474284	-657.4946615	-7.310743763	20.23107453
22_28	0.006576353	-2.729034505	3.082041319	67.95099125	-2.292666958	-59.35461037
22_29	0.013315988	-0.496487524	-3.772692513	-792.2879039	-0.441245925	73.112433
22_30	-0.003266131	2.350749316	5.0029084	-589.4053675	-2.239589669	23.08262735
22_31	-0.001654357	1.369429805	1.510348032	-423.2842697	1.149136513	54.73233965
24_1	-0.016641683	-3.563001317	-3.193059856	-1911.84612	-0.874746401	-140.2910144
24_2	0.004677901	-9.469952078	-2.866794767	-515.6183059	-9.535461247	-188.342722
24_4	0.005369668	-4.188020814	-4.231174299	-807.4661765	-7.850746251	-106.3322448
24_8	0.006383	-8.460371264	-3.823997508	1552.264544	4.652197314	-141.6576131
24_13	-0.002957357	4.257974735	-3.510183987	-1499.225065	-5.228309348	-179.0644542
24_14	-0.016869371	-2.146436823	-4.251222707	-1301.476829	-6.079161571	-252.5960262
24_15	0.018775447	-3.075760348	1.010829653	-1474.840992	-14.11718663	-192.8690111
24_19	0.012850298	-10.17330517	-5.582224677	-1209.693411	-13.82187514	-136.4441531
24_20	0.003549264	-4.640861471	-3.206998624	-632.4858556	-15.68835219	-233.4443358
24_21	0.041649745	2.710831525	-3.628144446	-1671.658222	-18.06807048	-244.9300242
24_23	0.004031929	-4.297408729	-4.285249611	-2212.236472	-13.51809021	-229.4050581
24_24	0.007308486	-3.039716931	-3.189107153	-1038.590322	-7.601645373	-200.2561057
24_25	0.002649973	4.607463335	-3.588705304	-2146.600997	-20.35708267	-279.1943895
24_27	0.002280456	-1.351110085	-5.125413419	-2093.671491	-19.34004354	-106.7145717
24_28	0.008116268	1.37572982	-4.423605517	-1364.393454	-10.9437169	-147.4818643
24_29	0.011423765	2.445606975	-5.88825732	-1556.478427	-10.90363844	-182.1149075
24_31	0.003530784	-10.50163145	-4.86099703	-1091.861266	-12.17080315	-30.47964248
24_32	-0.0001036	0.182910034	-4.56347191	-746.9677591	-5.416551623	47.43351854
9_1	-0.008000077	1.287017108	6.407217604	1396.194816	12.70526255	66.44711962
9_2	0.024742929	4.368598731	3.921203797	463.1150684	-0.732823713	6.445741032
9_3	0.015363953	2.840681045	-2.689045451	-133.2090739	-5.263844811	-78.77794621
9_4	0.006739696	-4.017860053	1.07231274	-786.058902	-12.17278954	73.19762449
9_5	0.017715164	2.044620177	3.496105345	1602.689033	-5.479301267	132.3180081
9_6	0.010092394	0.276153039	5.717352165	-330.4454133	-10.95702727	-193.3271685
9_7	0.010668766	2.699780502	-4.910601811	-900.2205481	-14.54674178	-122.1225141
9_8	0.030304841	6.255447129	-4.300516879	-1658.903797	-4.646777024	188.2437536
9_9	-0.004461522	3.547255825	-3.656694331	-899.3408209	-6.518966851	-189.479242
9_10	0.021673823	7.689220237	-3.01114386	-1093.508391	-0.226488722	-183.2797784
9_11	0.001827085	-0.712206206	5.442534802	1013.294568	0.869567783	113.2370774
9_12	0.019228968	-1.067927625	1.263697195	-1243.323934	-3.439367954	-28.98421997
9_13	0.004666545	2.902152361	-0.282870165	-338.1363172	-6.928843443	-96.47017624
9_14	0.012615173	0.698854666	-1.515600215	1217.118717	-8.278430851	-116.1005176
9_15	0.013534987	3.980317784	-1.16359444	-1260.497007	-12.61117493	9.097347933
9_16	0.022090876	4.70692254	5.682054764	-297.6706567	-5.444883752	-35.94498219
9_17	0.015634404	1.951073701	0.587695722	-891.2268816	-13.23521804	-76.77953124
9_18	-0.007691621	1.8336732	4.463247541	618.2835186	1.444881974	63.46844512
9_19	0.027364576	2.336478123	-1.247790456	-1071.727579	-10.42524807	-134.3694796
9_20	0.003129179	2.532306766	-3.290575503	-1047.430919	2.852460742	-193.736761
9_21	0.029234392	0.825250741	-0.783744359	-1707.910702	-12.54211233	-154.2567173
9_22	0.003336563	5.14912071	-0.08489931	-718.0164344	-7.997215236	-79.70764348
9_23	0.028995151	0.455732163	-4.775068317	-825.2202664	-6.725716433	-170.580996
9_24	0.003994941	1.348102263	-3.621609405	-1681.947501	2.162179536	-204.2212128
9_25	0.019490623	3.09151063	4.352861277	1244.975714	17.19624555	-28.55272895
9_26	-0.009224009	-0.965579372	0.634978992	1189.128322	8.837345327	69.13441644
9_27	-0.002387702	-4.190532286	0.936277328	-131.3993374	-1.676961196	-119.6461894
9_28	0.037562956	0.772067694	-1.75467463	-385.67411	-13.56220816	-200.9356563
9_29	0.009276952	0.005696201	-2.081712225	1433.412977	15.98752102	-98.49056512
9_30	0.026301192	1.864737584	-3.13854642	-1135.675724	-6.790106779	-130.4254373
9_31	0.00356687	8.755050373	-3.620223035	-678.9293123	-2.275985673	-195.7176279
9_32	0.021301151	4.2156587	-3.19984321	-825.5920957	3.392594453	-179.8735368
12_1	-0.001942613	-0.464181368	4.643695706	-1249.380717	10.40884705	235.9041634
12_2	0.008107279	-3.133087532	1.441772271	853.5560672	3.646024293	121.8457374
12_3	0.023152246	-0.434948246	3.954033548	-1696.189646	-3.923359904	286.1605493
12_4	0.027872976	3.054794614	-2.312975741	1153.811411	-9.285444794	48.83075864
12_5	0.004718157	0.627713707	5.061806702	724.7222188	-2.162218398	-80.75509112
12_6	0.006579513	2.149992114	-1.594146609	400.8294009	-8.535647268	-193.1382214
12_7	0.008581018	1.506804785	0.74389144	-1803.092776	-0.626760102	118.1652558
12_8	0.021725151	-5.172377674	9.169360315	41.24125268	4.441548863	-22.70357891
12_9	0.020909896	1.785308357	3.919770271	3576.530013	11.72213735	174.3953665
12_10	0.020677226	4.06112839	-0.941497179	-851.1021034	-2.134364797	83.86292107
12_11	0.011845606	0.178122289	0.835244617	-1870.555322	10.34863838	21.19502253
12_12	0.006135579	-1.181200609	-0.965993763	1513.344835	5.335150181	6.545220744
12_13	0.015571775	-4.887437419	-2.509333452	-1035.562354	-4.693897058	151.0386344
12_14	0.036668282	-1.793151004	-0.15384614	-1311.38738	-6.973257212	-127.082388
12_16	-0.014709651	0.655418897	-2.052303312	1552.784257	-4.380662956	-57.03935013
12_17	-0.009505782	-1.579037432	0.016428008	-437.3525305	-9.115848057	-189.409222
12_18	-0.013224183	-0.510541654	-1.299114023	-1853.173027	28.45726892	-158.9172229
12_20	-0.009667555	2.21099962	1.041765623	-1729.148693	-6.817010698	-116.914582
12_21	0.004587927	-2.292737748	1.555168396	-1410.179183	-8.807260247	142.4757817
12_22	0.038136294	-3.346510411	-2.398817669	430.1686749	-2.669434658	-166.4477683
12_23	0.009668295	-0.654750997	1.350006843	109.4730163	8.299948192	-66.61003432
12_24	0.007734869	-2.87476987	3.195460254	65.7286088	1.35704282	159.5392901
12_25	0.001691557	-3.157190423	8.09639511	1614.259334	-3.327383774	-194.5073211
12_26	0.018658861	-0.295737395	-4.258133796	-562.3792642	9.236774736	83.48240449
12_27	0.003473041	0.869454833	1.596117231	-398.6553914	2.543562494	-0.540320292
12_28	0.012376027	-6.996110729	7.391010321	-40.9072181	-8.553055489	167.6806078
12_29	0.028048382	-0.018080447	-0.755285689	1878.139153	-7.21036105	161.5243766
12_33	0.03127995	-1.146402997	-0.734387766	-1337.326007	-4.10043633	70.07986437
23_1	0.018873051	0.404760315	-5.481606387	-1651.320852	-12.74094947	-70.86841322
23_2	0.006889244	-10.20367013	-5.162504737	-1122.244937	-1.943280909	-214.8839536
23_3	0.017298378	-2.812607866	-1.991293336	-735.0861583	-3.160611622	-125.657424
23_10	0.051122847	-2.429602903	-5.060562139	-1524.747142	-11.10531267	-169.0962133
23_11	0.023436277	-4.444443113	-4.211451121	-655.0523285	-13.11345692	-80.48481484
23_12	0.031135646	1.030473857	-5.971340635	-1090.150047	1.25949947	-189.6183028
23_13	0.007959127	-0.614689025	-3.424286644	-1159.653591	-11.16244642	-171.6446753
23_14	0.034659335	-9.571689758	-5.347425218	-1711.239853	-11.09112241	-219.9131399
23_15	0.019133769	-4.723053453	-5.123777882	-908.6248585	-3.472793365	-191.9362314
23_16	0.000561057	0.902607902	-3.967957107	-999.1669759	-8.432745635	-153.9149963
23_17	0.027080906	-2.549798558	-5.588927098	-1407.872199	-9.459664399	-234.8253976
23_18	0.02403691	1.687230529	-4.703375333	-1041.034749	-1.846519077	-146.8939903
23_19	0.005046802	-4.730505907	-2.101498977	-1712.198945	-9.620142784	-197.8631981
23_20	-0.002447396	-1.540358854	-5.046679517	-779.5095678	-12.66711444	-156.2661395
23_21	0.021825157	-3.735260961	-5.782431935	-1004.865095	-5.953073917	-187.4158164
23_23	0.021825157	3.297497451	-3.739696708	-1053.988609	-10.5578936	-165.8916666
8_1	-0.035493127	-7.544501124	-3.415716745	-1909.891427	-11.77496539	24.33240808
8_2	-0.00759476	-0.415917272	-0.868389691	742.2414498	9.112615685	-90.10931055
8_3	0.000490798	2.695636369	0.361971367	766.5447616	7.097453679	14.61225932
8_4	-0.007269309	-5.475213699	-1.876578098	855.1534017	24.95176384	-3.535463425
8_5	-0.03840845	-1.113041414	-0.34806432	-1811.32563	-11.45126428	147.2344538
8_6	-0.005385929	-0.31300462	-2.155907828	5155.135581	8.105430576	-78.75499639
8_7	-0.001829612	-0.275707417	-0.994490835	-1705.26324	7.583014479	68.54463559
8_8	-0.012131548	-1.642580816	-2.912754965	914.7888281	2.922106933	60.38675361
8_9	-0.027063326	-1.387025909	-1.208816096	-334.9778152	11.14953486	48.16129782
8_10	-0.010305314	0.203666894	-3.342510803	777.3714217	23.43193738	-26.67868019
8_11	-0.03883647	-1.510143918	0.130674174	1077.123484	-5.183897252	139.4088624
8_12	-0.045770184	0.116002452	-1.269992642	-1076.319603	16.87800564	-24.30013089
8_13	-0.006671518	0.1911983	-2.988695989	1322.472268	3.396247639	102.8277428
8_14	-0.003685398	2.548519625	3.852492312	-1375.56277	20.63617899	47.99562805
8_15	-0.006115046	2.607182062	-0.602987017	790.1666921	5.063127644	106.7559326
8_16	-0.008959342	0.277397916	-3.252638086	-124.1592757	12.08675602	20.23178478
8_17	-0.019010221	-0.939459481	-2.270988078	835.5059582	12.77234959	85.91561078
8_18	-0.036275943	-0.29851683	7.672729221	2940.853355	-4.414400581	-19.32039919
8_19	-0.040039514	2.392375149	0.413168095	-541.4989528	19.70990496	176.972333
8_20	-0.026236155	-0.638724533	-3.147541733	804.0561757	8.908976873	59.70061386
8_21	-0.016557963	-3.02540348	-1.31271766	265.6049146	22.01609339	94.03524395
8_22	0.023559544	-0.120993095	-4.104618082	141.6935753	0.518248994	-11.20322855
8_23	0.044237281	3.556925469	2.200915903	2250.77004	12.81440265	30.51952964
8_24	0.005487935	0.104171496	-0.762686332	1422.800659	5.860490781	-60.85909143
8_25	-0.022020082	-3.759230333	-1.838778892	704.2419492	24.32057864	153.7108985
8_26	0.00687736	-0.250842614	-0.457587634	-1569.053998	-2.059084557	72.45408854
8_27	-0.00310812	-4.23703057	9.109438962	3863.079263	16.3253841	88.03922748
8_28	0.00245689	-1.534833342	-3.695643844	754.6516912	9.526415382	104.9813884
8_29	-0.003031382	-1.369067999	-1.928386475	901.5397669	20.2224064	44.5851309
8_30	0.006015345	-1.842223794	-2.982668081	-549.0394052	-3.736141597	178.5956459
8_31	-0.002222009	0.551047235	6.879126229	1791.654622	18.26347544	53.07681488
8_32	-0.022635093	-2.990569928	-3.546220837	-900.0011945	22.79258643	104.9130008
8_33	0.039380126	0.260561696	-1.483303663	-1220.575044	19.69940108	-86.47029384
8_34	0.027182811	-0.214926793	-2.161526503	846.7726899	2.225942803	119.4012479
8_35	-0.013180803	-1.174000132	2.990841959	-153.8594348	14.41680861	126.1143749
4_1	-0.022942757	-4.852423343	-0.810471472	-1041.908774	14.68484515	189.7811933
4_3	-0.029656874	1.621151003	-2.567064894	-1351.881935	6.437294989	165.8299578
4_4	-0.006625214	-0.182404986	4.909930597	1433.886757	-4.140820387	25.04122672
4_5	-0.00946241	-4.293444937	0.748769966	2511.450793	-9.444205897	-9.252610242
4_6	-0.033381814	-8.998401326	8.872265631	1072.223572	6.520046186	-220.4400839
4_7	-0.006653206	-7.226800832	-3.083625946	-1421.742443	-10.71938483	-156.0200014
4_8	-0.015041478	-2.622651792	7.403863816	2579.233275	-0.486530858	-91.9951414
4_9	0.029788253	-4.281733632	1.695610889	752.7891501	5.431415056	193.1130316
4_11	-0.022402281	-1.117467007	1.818183107	-258.511349	5.878539013	-222.662452
4_12	-0.005686644	2.171762646	1.011215575	-1002.286086	1.429081769	-185.0691295
4_13	-0.011902223	3.213653068	3.015361816	-284.2791476	11.55651396	-235.331243
4_14	-0.02043308	0.059967403	-1.486139602	942.4142341	-4.180279143	-232.7411938
4_15	0.01008842	-0.8482418	8.724014563	-115.3975321	13.15564837	-51.01940381
4_16	-0.01968565	0.796417856	6.966842382	1832.903751	8.105347805	145.2665845
4_17	0.005229425	0.873632231	4.711154772	-1882.884636	-7.764375395	56.21394108
4_18	0.014465544	-0.781291716	20.37659332	-1280.507409	-3.220409031	129.7154969
4_19	-0.012079901	-3.834810867	-1.469555242	-1731.595901	-2.683188735	-98.90142272
4_20	-0.021013438	-0.808247826	13.03901959	-1484.292628	1.880480442	-23.47684836
4_21	0.010318672	-2.468647188	0.438904251	-1231.860805	-3.636663615	-118.9572835
4_22	-0.016326866	-3.436299971	0.022050178	-1225.907603	-9.252220102	-167.3411629
4_23	0.011506683	4.577172125	-2.349798549	-1836.532101	-12.75561649	-198.0894073
4_24	-0.013690322	3.683875378	-2.644884242	-804.5268651	-12.97832478	-231.3169106
4_25	-0.0166074	-5.372687536	-1.371242423	-1462.016657	-9.667847958	29.96359186
4_26	0.01162469	-6.9166815	-0.219271898	-1839.547298	-3.187847158	169.9560781
20_1	0.003684674	-3.095790329	-5.652884691	1487.378841	-6.508041633	58.89670215
20_2	0.015048733	-1.238632937	-3.028931987	-145.9482225	4.134232169	-19.95470436
20_3	0.008188289	3.349718789	-8.047598812	1457.318792	16.46301651	2.09977092
20_4	-0.013176878	-6.75027143	-4.41036002	-1340.30347	2.298985786	107.8366097
20_5	0.002208178	2.085758042	-2.219091108	7560.945744	-5.475322202	1.926903611
20_6	-0.003873454	5.568918946	6.289820493	-1750.540527	15.78465316	109.7587518
20_7	-0.013776274	2.564405472	-3.800204041	844.2453557	1.557870519	19.56016604
20_8	-0.010282941	1.435577729	-5.808328473	-934.247102	-4.602938066	26.33129538
20_9	-0.004544037	-0.262584329	-3.902886678	754.5625879	10.56802374	75.94337231
20_10	-0.000111329	0.071879952	-2.765775772	1278.500285	1.143538657	68.00071975
20_11	0.007115526	0.245762725	5.071297832	-1504.270382	7.492121815	17.79291885
20_12	0.000760022	2.163634816	-3.295191905	130.3261097	9.161178169	117.0149338
20_13	-0.003850101	0.658794707	-3.851456146	5168.639184	-5.206703696	142.2603815
20_14	-0.014384249	-2.720038931	-4.983203302	-1943.387896	0.114087754	101.7570265
20_15	0.005508684	-2.196945477	-1.840674018	-417.2425644	-2.613807682	299.3646512
20_16	0.001357861	-1.789392902	0.358964494	1273.61449	6.769690585	49.50478276
20_17	-0.005197365	4.001038452	-3.557207626	-418.2349573	-4.291892293	87.68637774
20_18	0.017138078	1.337758546	-2.538127867	1715.177221	17.46602553	26.35046482
20_19	-0.009775463	-2.170957849	-7.544170224	2655.857753	4.237399009	52.13947713
20_20	0.017823325	-2.658490054	-2.897230527	-923.7452258	-2.363961647	-32.42909189
20_21	-0.00881281	-0.772833711	-5.664383157	1488.572289	13.86464045	149.9924314
20_22	-0.012870194	-0.291550121	3.387741571	59.19087645	8.854035189	30.49996061
20_23	-0.005702295	-1.563842275	-4.602306763	-277.5772301	-6.173061711	97.86512432
20_24	-0.004092025	-2.635791499	0.480721712	2803.758129	17.00168583	-16.53772181
20_25	0.008246804	-1.214058717	-3.702677479	419.8706839	2.885516081	102.5482919
20_26	-0.003968903	-0.5326437	-0.276255983	1435.963535	7.089004754	-32.69111631
20_27	0.008160604	-3.198410128	-3.63260278	-1473.200298	12.41476991	181.1772904
20_29	0.008160604	2.173494796	-3.410693107	150.9290115	14.59475269	90.47393576
20_30	-0.00268226	2.449269952	-4.105162282	1850.878666	1.699132251	81.11681252
20_31	-0.0070253	1.090761381	2.266699036	-632.2785419	8.554560968	-19.12024883
25_1	0.00173396	2.492231336	4.394397086	-566.2368166	8.420915101	59.05291797
25_2	0.002267	0.312231467	1.234466489	1038.070952	4.618566459	-8.093515102
25_3	0.004860929	1.447224741	5.996880969	297.2494615	4.532825004	-13.71080924
25_4	0.000348517	-1.193158585	-0.708077949	380.5381901	10.61527449	23.37526249
25_5	0.002508177	1.27015418	4.768948079	711.595523	-1.484955996	32.62740601
25_6	0.015048128	6.014396689	0.83534274	511.2149273	6.997467069	1.591067903
25_7	0.026321561	-0.416591341	3.506882116	-85.36658654	7.635729708	40.94516901
25_8	0.025814863	2.080614849	-0.701569188	-272.1386709	7.663473379	-10.66237651
25_9	-0.000235967	3.093110128	6.15866423	-330.7482772	-1.633106384	-81.71751764
25_10	0.002204005	2.322708045	0.663118089	361.1949453	9.442022888	-35.08597391
25_11	0.000504491	1.608491989	1.248193674	310.1160265	3.65423685	-26.17821333
25_12	-0.008779953	-4.392904142	4.766598766	-35.93130853	-0.912868956	17.26114914
25_13	-0.003813376	-0.359971468	-4.357844927	-1079.50472	5.542232457	-3.730735099
25_14	-0.000331474	1.941404055	1.246818423	458.4233454	2.527124754	-77.94672942
25_15	0.002766569	-0.699099732	7.41332703	1308.483743	4.006968546	-23.23833327
25_16	0.001785335	3.389795363	3.27913169	272.2773025	6.156770098	-24.74647853
25_17	0.017578864	-2.09708929	1.465600016	-45.29252875	11.19870836	-2.057428643
25_18	0.009499656	-2.509286335	3.061629231	-90.56652392	6.026089727	-78.60054825
25_19	0.001353566	-0.441334398	1.03899061	-540.2107716	-4.278720772	-5.773306448
25_20	0.015359407	-4.329920044	0.016380176	953.7160538	6.382060006	-99.63119385
25_21	-0.020370286	-1.704631257	6.029992714	-385.252004	-0.35822714	-26.16854161
25_22	0.015249854	-1.160066711	0.251234565	365.9194332	2.051076243	69.46802221
25_23	-0.008510785	2.429530939	-1.127054156	-184.1371477	3.246301201	-100.7434882
25_24	-0.008865717	-0.951645949	5.8513554	1936.419108	3.526210441	-16.95934541
25_25	-0.007103572	-2.404205117	0.800074012	944.4650604	15.69694697	-5.860853892
25_26	0.017248943	-1.789973464	2.472741085	1185.578947	0.384232319	-21.8930643
25_27	-0.012198522	-4.012934713	8.703026348	501.0817069	1.976857463	-45.4160423
25_28	0.007820715	-0.626577394	4.233473006	506.5967135	-6.807996496	-2.806351658
25_29	0.004867776	1.236481744	8.785496303	456.1387857	-0.372358034	44.25333541
25_30	-0.007247914	1.682351224	3.006998012	655.91571	4.791251977	-139.7344656
25_31	-0.002548242	-0.647988752	-2.82039144	-403.6317269	-0.974739142	-31.79913995
25_32	0.004845753	-1.621843527	4.970341614	380.4297411	-1.656601571	-77.19137953
25_33	-0.002301299	-5.985674939	4.146556268	187.3761298	6.799821999	-8.713574655
25_34	-0.001696278	-3.158932101	2.604737734	371.4123635	8.04453214	-15.9481209
25_35	-0.012947806	-5.099161012	0.043479027	-134.3243763	10.55113511	-33.33252852
16_1	0.028848881	1.97731988	-4.378448303	-1535.707729	9.292577126	167.2668215
16_2	0.024813411	3.208246002	-2.950043736	5915.076516	-6.482638867	5.827012503
16_3	-0.006634495	-0.962926287	-6.94445014	-1769.555735	1.470088032	177.005694
16_4	0.002445066	-1.121801358	-2.608619136	3472.016229	7.769619093	94.07349514
16_5	0.030434963	4.999774648	-3.784575108	-1928.613954	21.22110638	177.9272112
16_6	-0.003263067	5.776799697	7.286596713	-359.6643625	-4.798408933	30.38922153
16_7	0.014353738	5.196620992	-3.985883859	4096.511021	5.715697627	95.13398352
16_8	0.031838893	2.675507007	-1.888398933	-1486.849957	2.25638427	232.1190145
16_9	0.00772326	4.962448965	-5.296437095	5402.096727	6.313172113	158.227943
16_10	-0.017165123	2.603906885	-2.748897159	-1575.818731	-4.154490483	62.58635743
16_11	-0.000682473	2.552663761	6.443084432	-1272.666822	19.2090306	241.4836607
16_12	0.017601895	3.980317784	-4.603540074	5942.337985	2.247710997	110.0045443
16_13	0.046249524	3.411190102	-2.264042837	-1554.805016	6.330286343	87.17466019
16_14	0.00648218	5.700823915	0.357984645	758.1649539	6.516225953	10.89911113
16_15	0.011911462	1.794143616	-3.584004741	4808.508622	-2.248757233	212.2386394
16_16	-0.002979815	1.769422511	-4.439822152	-1635.941729	18.31325291	83.60334785
16_17	-0.013244833	4.595597385	3.315128482	2413.178967	-0.085940538	171.9704423
16_18	0.024621305	3.218487892	-3.276758823	2803.735864	7.934753124	44.91604995
16_19	0.022702302	0.996541596	-4.984159822	-1704.821389	-4.487531514	131.2290796
16_20	0.008775617	3.023713612	-2.113343453	6214.328167	15.87861273	-36.46398752
16_21	0.018560968	4.957642624	6.153270861	-1437.992421	1.982692694	198.3439838
16_22	0.013724214	4.009326718	-4.445012947	3227.922933	6.664576903	109.8729117
16_23	0.01520477	0.23056757	-1.805766477	-1548.864748	-3.902631242	234.5039594
16_24	0.027806669	0.365251911	-0.1708254	323.8307455	18.64996604	152.4613855
16_25	-0.012219749	-0.011173556	-3.778616048	2655.857767	0.132532732	-116.2752217
16_26	0.008168852	6.357669089	6.206913584	-1573.378267	7.203714044	212.0019599
16_27	0.015033634	6.975890183	-2.785745117	6148.135292	11.09104971	78.18239277
16_28	0.00750915	3.933350936	-4.367315603	-1769.711435	4.51749419	251.4336144
16_29	0.020896323	4.731787341	-6.311871301	999.6183595	9.215817528	-105.6705187
16_30	0.004447267	2.584540252	-1.975036569	8485.59038	-2.946730038	149.1164575
16_31	-0.005982741	-4.563885411	4.400862651	-2153.004617	15.49006642	210.2399456
16_32	-0.011141541	-2.253149831	-4.053973073	4660.22926	4.240539693	62.58615387
11_1	0.031053759	1.223087567	-2.621787724	-1205.814286	21.03762445	248.2140573
11_2	-0.010350471	0.614702822	-6.279353449	2211.306242	10.67051866	-82.1978606
11_3	-0.006210871	-0.548737854	-1.938775031	592.1606765	0.44080167	83.02875801
11_4	-0.002711459	2.803991633	-8.552232506	2186.951566	7.717238031	186.6693236
11_5	-0.01749822	-1.530463492	-4.506294997	-1248.467612	12.11230987	52.0888714
11_6	-0.015574449	2.389472354	-3.300354965	5018.332367	1.997741083	204.9506986
11_7	-0.020929204	3.628966286	6.235426516	-436.1870649	2.768560118	-72.52485802
11_8	-0.019480782	1.160428488	-5.949284945	2243.91572	7.7881247	162.6882685
11_9	-0.028512469	-1.834676523	-1.413585546	193.7939335	3.369078737	165.7564211
11_10	0.015769264	0.42465116	-3.411203683	1986.953432	-1.276298476	49.05332056
11_11	0.004225401	1.971794367	-4.7313392	1718.220285	15.01899397	150.3147092
11_12	0.001373712	0.8684072	-4.673602878	-1364.436037	-0.94431216	225.7862822
11_13	0.002496191	-1.825613381	5.429617735	650.5209743	2.352144281	-88.04441146
11_14	-0.00706043	1.950383013	-5.625166673	-564.2121023	4.059488961	152.4285159
11_15	0.002486682	2.833019596	-2.538571966	-818.3598649	8.329890602	194.2568844
11_16	-0.003929961	4.464391	-0.016735648	1084.322365	-2.401989947	97.9556968
11_17	-0.00179585	1.308732991	-3.295191905	1374.276778	8.083507133	262.8813138
11_18	-0.021325984	3.162258369	-5.93070174	2450.954681	3.599682724	-86.29742374
11_19	0.000168364	3.221941338	2.883749608	2101.927652	6.253683355	171.3846333
11_20	-0.019567809	0.237919888	-3.861949649	-424.1132016	2.677358838	187.9595568
11_21	0.007757311	3.538399047	-4.716048663	2227.642618	15.27711017	83.75487631
11_22	-0.001980224	1.077408517	-2.049033293	1292.330661	5.157831514	206.4325709
11_23	0.004342497	-2.043871084	6.323290092	3271.66349	6.307591306	-79.34205589
11_24	0.007217941	4.880285462	-4.680700098	1467.352677	-3.705682351	117.7561961
11_25	0.009253895	-1.292434213	-1.856470807	2262.383595	13.20449268	198.0446567
11_26	0.002118652	3.438542861	-0.241491853	-161.0744059	2.930185657	46.25512236
11_27	-0.025177404	3.286436346	-5.773157458	2109.024252	13.96973979	112.9291543
11_28	-0.01435471	-0.614921605	4.411108948	2205.380818	19.80360241	190.5545907
11_29	-0.022893613	-0.490101374	-3.209456418	592.2016419	0.236193018	-55.62068618
11_30	-0.007179658	1.811815929	-3.384827708	1915.124627	1.979971658	173.3215332
11_31	-0.003561616	0.37899578	-6.214564633	2838.231254	2.223491994	233.1258504
28_1	0.005088684	-0.077904326	17.71983868	2688.585368	13.50556278	224.6337657
28_2	0.005773393	8.535411292	-0.758833681	-609.8656024	-2.090393733	-144.3127384
28_3	0.024084155	4.340209819	6.054964571	-739.898314	-10.00350077	58.12678104
28_4	0.004310271	5.316110179	-2.38724005	-1225.256527	-10.06862761	-210.8499344
28_5	0.005501294	3.094851804	10.28856409	534.1836488	9.396734655	97.30195392
28_6	0.019234269	0.621497506	2.181322016	4234.718336	-7.354261407	24.64386118
28_7	0.003736742	-0.095901661	-3.400771978	-974.7882134	-1.78362236	48.57456787
28_8	-0.019745828	-2.902905485	-0.508010142	1033.155622	17.07152066	122.115295
28_9	0.003820836	1.42822218	-2.348593718	-823.588848	-11.65039671	-164.7594459
28_10	-0.018860397	-4.134271588	-0.056262923	1605.879926	-2.686277782	168.5206242
28_11	0.002593528	-1.657025404	4.901925545	967.3866775	0.702177824	89.31037882
28_12	-0.000371605	-1.177747162	-0.506244229	541.5495795	-1.408172381	-5.978355211
28_13	0.006922727	1.622996459	5.424873337	-1049.463453	-9.344392689	-13.16758017
28_14	0.014320249	1.638191614	-2.481773332	-364.804392	-11.45400084	-193.3992336
28_15	-0.003341041	3.509136987	-0.935151669	-1119.5139	-2.229336367	3.053227059
28_16	0.002443838	4.475541748	-2.041934994	-1497.630576	-9.08395764	-59.65556088
28_17	0.002340678	1.261766145	5.366534706	-1015.07374	-12.93058621	-105.8603021
28_18	-0.005280495	0.87083621	-4.095417483	-1713.771587	-1.062816236	-202.7427684
28_19	0.022236742	3.442961793	11.31850789	-1049.463852	-9.057745397	-119.7082478
28_20	-0.002884541	-0.02398803	-1.040988469	-1024.438869	-8.091682606	-158.9224325
28_21	0.002554914	2.220188249	0.054885499	-332.084119	-2.481376275	-145.2044288
28_22	-0.009063944	-0.178341072	-5.313391867	-2264.574937	-5.928507421	87.11829643
28_23	-0.004963476	-3.142676443	0.991272839	-728.926974	15.473249	159.8452747
28_24	0.02007708	2.318520212	-2.566388151	-979.5503976	6.292290858	-104.4511155
28_25	0.001198395	2.143775913	2.016746138	-1455.612968	11.13562215	106.8682891
28_26	-0.007620683	-1.62161129	0.868836886	606.927365	-5.097292862	157.1689556
28_27	0.014908515	4.834699995	17.01228346	-981.1307136	-8.783718554	-170.7680032
28_28	0.011005059	3.663291563	2.03970904	-1276.617884	-0.637571	-166.5135479
28_29	0.01370322	7.55325163	-2.20661322	552.5185448	-8.950155141	-208.2380224
28_30	0.008060055	6.643614306	-5.137073098	810.7616932	-2.996901539	-34.96206367
21_1	0.011760249	9.081746238	-2.832673399	-874.7328284	-0.255619777	-177.6103104
21_2	0.009844746	2.905605805	-4.324872806	-1530.254066	-3.786857382	-229.7590731
21_3	0.011914183	4.968002955	-3.395180904	-775.4462164	2.914030571	-137.4687548
21_4	-0.030374776	3.560320947	-1.8595754	-1758.237826	-8.328635224	-113.466457
21_6	0.005353674	4.2156587	-1.456714276	-1224.950887	0.333061346	-208.4758863
21_7	0.02528945	6.439861071	-2.774378164	-1629.251304	-11.29435176	-224.8617498
21_8	0.002123509	0.316212996	-4.113807967	-1029.823029	-12.96701747	-213.0848432
21_9	0.009171214	5.923916439	-4.121731411	-1165.013318	-9.362253129	-198.9406048
21_10	0.016491073	1.873025851	-2.237953726	-1308.07947	-10.35420042	-202.000745
21_11	0.00706538	0.416362893	-2.925940629	-1286.951809	-3.389241803	-207.6337426
21_12	0.0260503	6.591812636	-4.264731913	-1389.108673	-9.255779289	-175.2496502
21_13	0.003729674	-0.753664159	-1.56016178	-1200.416765	0.912628653	-41.83802533
21_14	0.001817811	4.980435359	-1.926685224	-1550.319497	-9.442190366	-109.8830816
21_15	0.009398712	-1.174984407	-3.566683948	-1365.115833	0.679670682	-192.0453604
21_16	-0.029384128	4.006329777	-2.803108702	-1260.649657	-10.42866708	-215.754056
21_17	0.006359059	2.206628606	5.157907051	-1226.486024	5.274307625	-196.4100656
21_18	0.024709695	1.458612491	-4.829690587	-1388.285257	-8.744551557	-207.1155472
21_19	0.004805066	-1.759784385	-3.298686634	-1318.114165	-4.639902584	-96.57323938
21_20	-0.025394633	1.680028988	-2.650000458	-1227.425766	-7.328655322	-230.0406086
21_21	0.007415554	3.478186931	-2.376913028	-1271.651641	-13.8934291	-189.0670046
21_22	0.007874581	-0.19627819	-3.867589599	-1431.098574	-4.266167983	-213.2637595
21_23	-0.006967317	3.57557407	-3.532844234	-1324.77399	-12.68196283	-165.8473307
21_24	0.041938806	-1.012672509	-3.22817882	-1292.39525	-7.168063036	-175.5784218
21_25	0.0322971	4.033500833	-4.761333162	-1222.254525	-7.487607621	-186.5728472
21_26	0.011534382	4.349836364	-4.421010111	-1304.096377	-11.56018537	-196.0273142
5_1	-0.016260183	-0.795796181	5.011332336	928.5307118	0.3618659	135.1708852
5_2	-0.027350532	-3.886629156	-3.988643487	942.9784245	3.354392316	36.69135606
5_3	-0.029838468	-2.866910813	1.51486186	534.3334603	-0.488803178	129.4131653
5_4	-0.025300203	-1.593541901	-2.417763052	87.25871364	-1.303285735	21.58121516
5_5	-0.01151967	-2.739768344	3.051338054	512.5015471	-4.941651897	55.22658161
5_6	-0.037909589	-4.570852121	0.42244666	2737.29743	-3.593492678	296.6069957
5_7	-0.042122084	-6.417030437	1.616673482	631.6890785	-10.86857294	228.2755295
5_8	-0.025310582	-9.532891766	-0.183429405	647.8420556	-3.155038131	13.57724002
5_9	-0.042796837	-4.807720284	5.074454401	-415.0797484	-6.4063254	43.46548284
5_10	-0.034993558	0.511943839	6.89560081	-771.2438214	4.925268313	-77.11666761
5_11	-0.043907462	0.130516432	-1.397235964	-268.5277362	1.682642747	-100.8402389
5_12	-0.034837909	0.133999788	8.377518338	178.9363309	5.11211838	53.66932875
5_13	-0.020895484	-1.262011213	7.486774082	-228.7662468	-2.894238271	-109.5516282
5_14	-0.022073883	-5.14644577	9.308122173	304.4081025	-1.06233035	111.7500706
5_15	-0.012548067	-3.819632331	7.277780909	596.865998	12.78716526	-7.568789695
5_16	-0.016164072	-1.21928375	0.545533436	677.2703742	-7.109215331	-26.7101819
5_17	-0.028487448	-1.914213136	1.524337701	509.9826214	-1.526495154	-63.78845979
5_18	-0.00858713	-3.087502063	1.307534275	-903.0047818	-4.734594062	-9.361350567
5_19	-0.031404713	4.495741198	-2.733190991	198.2044331	-3.839834444	169.6835099
5_20	0.011662797	1.653386771	4.910083234	533.5332819	2.598364516	73.55344425
5_21	-0.024470008	-3.749360826	2.923543381	81.01271004	-2.213387584	150.2788131
5_22	-0.031934206	-3.220471379	-2.542770499	2863.168383	10.38115639	118.9340397
5_23	-0.013108578	-0.504325453	-4.40357559	1269.267915	3.611187131	-70.42359857
5_24	-0.028136022	-5.573982218	1.358927226	-211.4527249	-1.032666473	11.24793977
5_25	-0.004039361	-11.72042303	-1.732940429	283.5171062	2.284225888	52.29873402
5_26	-0.005981858	-14.15993633	0.302113855	-489.8201804	0.99082727	81.39577254
5_27	-0.021168463	-4.091556803	3.198019986	251.7108819	-11.94567574	159.3499053
5_28	-0.00583068	-2.764259639	-1.499899878	22.39850252	1.198244468	60.77489256
5_29	-0.018344588	-2.890655716	0.767426248	-518.9089197	5.21898705	-60.00734142
5_30	0.001161092	-0.790270672	0.982187136	40.92485953	0.03505278	166.0041714
5_31	0.000847538	-0.317148754	1.897590485	301.1589406	3.857292408	-24.36775281
5_32	-0.00537985	-1.288071114	5.943716001	-78.13819263	15.24203576	-22.30935931
5_33	-0.023385476	1.202228751	0.967362701	252.8891858	-4.161361929	192.4115947
5_34	-0.028389089	1.220806645	4.774959087	201.4708604	0.26110126	-102.9568228
1_1	0.003488539	0.15321041	-4.217446042	-1044.159317	-7.943582251	-127.0301258
1_2	0.019744139	-3.794750909	-4.157376635	-1298.977425	0.34839906	-216.3970348
1_3	0.026328165	-5.290109068	-4.998129831	-1415.458331	-9.671982777	-195.332649
1_6	0.010179262	-6.181557412	-5.143114265	-1060.068738	-5.563167238	-176.1602481
1_7	0.049328156	1.520083807	-6.562331171	-1542.917345	-2.345288399	-225.1279601
1_11	-0.006283858	0.963698491	-5.442173087	-778.022318	-2.486721319	-147.2944808
1_12	-0.013260185	2.245053901	-5.099736081	-1220.646444	-11.32408357	-193.6146013
1_13	0.030413771	2.105097333	-4.386805342	-1330.932248	-2.499694939	-193.0076147
1_15	0.013257664	5.811462844	-3.681493142	-1197.54425	-5.01676902	-196.6710639
1_16	0.013988037	7.37229113	-5.609355725	-1442.434375	-5.972866327	-192.236663
1_17	0.005835024	3.08932906	-4.69582252	-941.9728211	-10.55469834	-205.0111266
1_18	0.002122115	2.795786264	-4.996859859	-1047.532227	-4.99333333	-193.353259
1_21	0.008100579	0.435060198	-6.005977255	-843.6029751	-6.621006666	-190.6033584
1_22	0.011352652	2.258430274	-3.97495615	-1757.510132	-17.03693432	-172.0306166
1_31	0.002306805	-5.594755141	-2.386861628	-1269.658499	-4.814424244	-163.6927431
3_1	0.018214544	-6.045722759	-4.82592611	-1279.301131	-9.117039322	-119.9088384
3_2	-0.001582447	-0.917357437	-4.896420479	-1252.823887	-12.4084534	-149.7853337
3_3	0.014024888	-2.427427487	-4.110880391	-1505.735516	-13.13945053	-229.0703494
3_4	0.006216319	-4.198133103	-4.609953277	-1690.674831	-3.12211793	-204.2252533
3_5	-0.002512832	-1.868436095	-5.406375112	-1481.385455	-12.12280246	-204.1617344
3_6	0.004191615	-0.851051298	-4.343570238	-1349.713293	-17.13733804	-173.0417664
3_7	-0.007453256	-1.492701318	-3.280037182	-691.7426842	-2.468826489	-171.0174774
3_8	-0.005921647	-0.54208596	-5.589167685	-820.5849753	-8.11763925	-232.1653394
3_9	0.02005265	3.570508519	-5.037009856	-1595.929331	-10.14897203	-115.0777134
3_10	-0.000389923	2.090772687	-5.919671611	-1028.329299	-1.152104613	-183.8136145
3_11	-0.020526234	-0.040165872	-4.889483073	-1388.711036	-7.678188556	-138.232043
3_12	-0.002577143	-3.592029278	-3.94883909	-1391.024928	-12.51427587	-223.7859367
3_13	-0.007678189	0.017887945	-5.671649557	-1483.944583	-13.54036924	-186.7120543
3_14	-0.01228978	1.570504099	-4.279280953	-1250.737557	-3.806926595	-219.4665986
3_15	-0.009458034	-7.902985296	-4.579453221	-1079.476885	-11.41468749	-182.0939264
3_16	-0.000297524	-4.069248958	-3.369392559	-340.1824354	-8.225749407	-152.6712072
3_18	0.006814265	-2.759028033	-0.136357034	906.7579486	-9.341067752	-186.1264062
3_19	0.0374507	2.012545014	-6.615853309	-1436.264551	-14.81044167	-203.4618755
3_20	-0.024893243	-2.990788993	-3.234887875	-1178.550248	-8.298222521	-197.8651893
3_21	-0.019846275	0.988002398	-5.688031036	-1822.955945	-3.924461754	-192.4434187
3_22	0.003723946	0.429504429	-4.938880927	-1285.833747	-13.02223818	-190.5602163
3_23	0.010411458	-2.293900477	-4.933776781	-979.1999186	-10.83358813	-76.80352448
3_24	-0.009799403	-1.541049541	-2.952172517	-606.3573684	-8.365795845	-133.7916913
3_25	0.014295764	1.195186419	-6.091978065	-1548.079858	-12.60499151	-210.1401789
3_26	0.019123721	4.822958282	-6.057314773	-1472.13835	-7.531666099	-209.029541
3_27	-0.004515108	-1.18672612	-4.931910239	-993.506472	-10.58152403	-234.4064471
3_28	-0.003534537	-0.066873703	-4.999432231	-1662.6018	-3.5569505	-192.9245563
3_31	0.000505338	1.317607919	7.440658563	-1115.613998	-15.02482565	-194.8016524
3_32	0.000852313	-2.78140405	-6.526649764	-852.2500405	-11.15383964	-69.01539056
2_1	-0.00956932	-0.763544766	3.839742114	977.7749954	16.64021345	238.0393668
2_2	-0.008927924	-4.894804165	-1.420111885	-128.4688966	-11.7621107	271.0545002
2_3	-0.017901347	-2.344988076	4.256744888	-654.8676818	2.036175429	127.3745381
2_4	-0.016652007	1.862905142	10.59545582	1173.560959	-5.487239637	-148.1329042
2_5	-0.018405798	0.784226114	1.926942086	-57.83086058	-12.56927801	-57.0676902
2_6	0.002361809	-1.750495437	2.88435344	-26.37501048	-10.88196566	-122.6619911
2_7	0.004995656	-2.546442124	0.380175413	-1247.931236	-11.85263369	-197.1504909
2_8	0.002323435	-3.441664439	0.023569088	-659.7573999	-13.60822106	-45.68229981
2_9	0.021998716	-2.475613902	0.39723893	-1869.009637	-7.38109449	-169.5389992
2_10	-0.018060457	0.671017066	0.642343716	-474.1224714	6.527717078	-31.61321098
2_11	0.020212419	0.889307334	1.250398546	173.7542314	2.815625884	-64.24830824
2_12	-0.020880589	4.071932969	0.472905051	587.5229303	7.651698358	-98.62187655
2_14	0.011861299	-2.449827299	-0.734911736	-115.2852112	7.414364332	-139.9701819
2_15	-0.014691829	-1.438154576	9.284060479	-1585.411194	1.673694325	33.43060451
2_16	-0.017320524	1.014127564	11.27096646	-1279.875946	4.63243771	32.89537918
2_17	-0.014561051	-7.60369348	4.386779392	345.8605968	-2.795755724	76.68164519
2_18	-0.022629164	2.336641463	5.230220063	-1276.74632	-6.901063369	158.1372976
2_19	-0.012092738	-6.457669584	-2.099893288	910.787916	-1.004929429	-26.90095665
2_20	-0.012933979	-9.517816022	-2.974976591	-896.4788864	-8.298234237	-222.7401452
2_21	-0.022654844	0.735525699	0.425495502	-1902.421909	2.393502238	-62.22172985
2_22	0.007495763	0.366804035	0.848589696	-2381.592092	1.231109486	12.90066064
2_23	-0.032380081	-1.526980138	-3.145263091	-2202.234374	9.081472162	-102.7675332
2_24	-0.007396964	-1.793456818	1.523195692	15.23514204	3.125274228	-64.47592707
2_25	0.016072886	1.52269744	7.53999661	-1201.183962	-1.759374576	-225.3007069
2_26	-0.000655748	0.414990451	0.363362942	459.2653516	-6.235591035	-44.5817446
2_27	0.023199216	-0.522283366	0.449970542	764.8712098	9.413700815	-116.2575217
2_28	0.018663153	-1.400585591	-0.905430978	94.53471049	-6.445379479	2.504152149
2_29	-0.007684186	0.106243562	-3.483549366	1000.53864	-10.47590811	-173.086112
2_30	-0.004497449	1.657967737	-2.903215546	-775.598188	-5.481902056	49.2766397
6_1	-0.004497449	3.219869269	3.191321621	-232.045693	-1.666617437	-190.1370602
6_2	0.002616731	-0.936696726	2.348785737	37.09560391	-2.438831934	20.2183093
6_3	-0.001607922	-1.775204339	0.354354992	-704.4091989	7.936234004	10.97135699
6_4	0.013740132	0.168405565	-1.847831065	45.44631701	-11.21161811	22.15414893
6_5	-0.001805148	-0.743287207	-2.272219973	102.4787987	-1.878658895	96.02640006
6_6	0.000590404	-0.333034599	0.21887124	-949.7476515	2.618280358	58.6662982
6_7	-0.011278624	1.170297993	6.693581028	423.8093645	0.429031867	-79.24056999
6_8	-0.013130203	3.374681349	2.623699871	708.3341188	-2.466329385	-83.34447426
6_9	-0.004459187	-3.608865495	1.772118049	584.6572716	6.713963556	-107.7979501
6_10	-0.004789782	-2.09843551	-4.224161415	1217.768874	-3.293831317	17.53643404
6_11	-0.005543248	1.135370071	4.381713157	17.80096011	4.763538995	-172.3107278
6_12	-0.01848026	0.059586462	1.953055256	1451.497676	-0.443774115	-90.99419415
6_13	-0.018811404	-0.9295847	7.723717713	419.9759732	-2.132971132	68.12829393
6_14	0.011018751	3.17903289	8.880912412	-453.5244807	-5.024116582	87.10739461
6_15	-0.003391063	1.897890653	-2.358566505	-82.97496155	3.61282758	156.5145754
6_16	0.042074998	2.410372485	11.1819051	320.1776402	-4.790043951	190.3141196
6_17	0.020547903	1.070441808	1.667625202	47.28510558	0.892732239	45.61995088
6_18	0.00148604	-4.068087839	2.69675419	-135.8034551	2.674911358	231.4656524
6_20	-0.009902104	-2.062845694	-0.925820558	-442.5640067	-4.093476869	8.835216491
6_21	0.012169827	1.854777314	-2.407688293	118.9049853	2.265288972	14.73343356
6_22	0.0014425	0.067816037	10.19640923	131.2792182	1.34532205	-72.03970602
6_23	-0.013033819	-2.255001395	-0.488214298	-466.1803446	-2.498620067	136.2401172
6_24	-0.013033819	0.571077214	-0.325975638	1041.276762	0.337937748	-30.11729021
6_25	0.000124715	-3.081717725	0.62468148	556.2820607	-2.022958043	-110.9741107
6_26	0.001909162	2.549706699	-1.584422654	-242.1773351	-3.03814497	48.26467223
6_27	-0.002954437	2.185696067	-0.568362247	340.9251602	-8.593215901	63.74753775
6_28	0.01410363	1.61907027	-2.568525615	-48.71248529	0.89826764	-112.054343
6_29	-0.004603088	0.195539066	-0.598866861	139.2851181	11.22054324	-146.7810322
6_30	0.020565018	-0.295614035	0.4808099	457.672224	7.841986713	-46.15094539
6_31	0.004534111	0.413600136	-5.003041272	442.9837232	-5.261917427	162.8006245
6_32	-0.00740857	1.509723473	5.86377456	346.8526392	3.221231476	-133.7677929
6_33	0.004418384	1.971794367	3.628285306	-1598.973735	7.905293437	90.11102293
6_34	0.016888672	-5.312901799	4.903174074	103.106775	1.430304077	29.7065335
27_1	-0.011793805	-1.247506744	-1.319562814	358.3828956	3.931714661	414.9230153
27_2	-0.011201103	-0.803393762	-2.438055304	-260.2267379	5.958645134	-141.2749776
27_3	-0.007491594	0.905108779	5.398076466	292.0172118	-3.453931842	-88.43916048
27_4	0.003350807	4.166803795	-0.411369718	780.9215337	13.64955468	225.3669186
27_5	-0.001763587	2.82273975	-2.124980364	-629.2818198	-5.531011415	104.1264934
27_6	-0.018382325	5.361004958	2.403504295	-171.2801176	0.08519125	65.80889376
27_7	-0.00036682	2.290201967	-1.251683946	286.8061443	2.272454043	102.037269
27_8	0.02002692	-0.130535825	-0.856301478	543.5992031	4.602404437	26.20232746
27_9	0.003744725	1.770276907	0.091407328	954.0435919	3.437669074	49.3349744
27_10	0.012143288	3.16136497	-5.784675828	446.2715941	-2.121057761	144.6984132
27_11	-0.010424394	1.556706938	2.169139681	-107.3613349	6.896780771	-43.76117666
27_12	-0.012355511	-1.22160599	-1.138667241	119.0428441	-0.753938215	-103.9203247
27_13	-0.012130468	-2.251518041	4.827727516	501.2915641	6.732676198	307.156928
27_14	-0.0017435	-3.565458803	-2.173260044	689.0761173	1.337133358	-70.15458762
27_15	0.010753718	0.703094153	7.194781841	-582.3729454	-13.60392143	95.51765724
27_16	-0.01066462	0.784226114	2.138623966	157.5274088	-3.129283533	12.62576835
27_17	-0.011478182	-2.996331123	0.390449013	167.5868222	5.665859976	10.83818155
27_18	-0.018000922	-3.410314243	4.437585832	-187.2963253	0.120406123	62.06203593
27_19	-0.014258556	-3.052689763	7.032805426	763.4909412	-0.638485015	103.9738385
27_20	-0.022526969	-0.086612716	-0.396912538	1509.344838	2.157911664	158.0161102
27_21	-0.01419341	-0.665255976	-1.090322028	-146.5933917	-5.699359457	224.4263844
27_22	-0.013249557	-0.198080084	6.664538443	9.444493535	-5.721032654	-53.98682605
27_23	-0.021595543	0.846926508	3.826135281	331.2863214	-3.377860786	265.8561602
27_24	-0.01336417	0.886031367	-2.373484224	-56.9737679	2.480533522	124.7826213
27_25	-0.020638777	-1.98562192	12.89095006	81.99464601	-0.420552777	72.96477017
27_26	0.003423839	-2.816061311	10.91875079	41.09754012	-6.585146252	-77.81601636
27_27	-0.001830854	2.614135076	-0.683862235	103.1539371	-2.976587759	-91.12192194
27_28	-0.007130684	0.937493748	0.849147801	541.1079405	0.185014293	-16.51114468
27_29	0.001736869	3.474537533	9.681526382	390.5696146	3.635610441	150.4017428
27_30	0.003935738	5.718979472	2.199449432	-413.6718844	-1.819752711	122.5522165
27_31	-0.012586062	4.344215242	5.229559599	182.1503387	3.078638268	-48.19587673
27_32	-0.012453986	7.720167101	-0.637154368	260.4295653	2.600388573	185.7402333
27_33	-0.02239214	3.368875758	5.034034544	-213.4362452	5.556706889	-54.75036839
27_34	-0.002055366	4.184561456	-4.093581878	63.10430967	-0.67136991	292.1961985
27_35	-0.004924314	4.099806968	1.504745264	1164.694294	0.682767366	280.7814851
14_1	-0.01349686	5.749172138	-4.648874152	-1239.16347	-13.47922127	232.6079767
14_2	-0.014866844	1.984917457	-2.8653949	863.8235044	5.694885772	-65.05098148
14_3	-0.009722859	-2.204492745	-7.618041148	293.7717771	1.488298127	191.7079936
14_4	-0.016750414	1.36260673	-4.752040946	848.6933764	13.50416691	214.7878279
14_5	-0.011095051	1.711379186	-3.202312003	-1348.520679	-11.76311816	90.0120524
14_6	-0.007344458	-3.6942077	8.328209212	2912.151611	4.909268177	233.7901231
14_7	-0.009068589	-6.211488101	-3.288622723	-1005.448417	3.576562597	-58.13562294
14_8	0.004444172	-5.017882719	-0.950555231	874.765995	1.78104243	165.0949225
14_9	-0.015827961	1.743309944	-2.528508356	-307.3143743	-6.955565758	210.5294962
14_10	-0.005824271	1.589152699	-6.144796162	752.4018232	14.72853528	120.3101161
14_11	-0.002295816	0.870145523	4.11296875	818.687577	4.041507926	69.57137964
14_12	-0.014430509	0.85771312	-3.891500119	-997.988675	0.653406737	-87.98739194
14_13	-0.017245873	-0.084290478	-2.120431742	1045.589634	7.297239516	114.8452285
14_14	-0.009426107	-2.945220143	0.376955749	182.9918487	-9.585774587	196.9782783
14_15	-0.01059005	-2.9914963	-5.14697316	2254.419111	12.90801608	133.6701749
14_16	-0.012797371	-3.910803269	-3.700563663	503.0726237	0.054787363	314.7857343
14_17	0.00285105	0.212475651	1.859465212	865.7444302	-0.542491463	121.0084382
14_18	-0.007494598	-1.275824992	-1.538132339	97.27428258	5.248559743	151.2509449
14_19	-0.001808604	-5.923470818	-2.808875234	752.2481084	-3.57035259	-68.8850664
14_20	0.018638363	-1.217116432	-3.091661961	896.9954623	0.319587459	220.4663223
14_21	-0.008240853	-0.779219649	6.355204631	-1497.768506	-11.43154267	164.5365077
14_22	0.00150683	1.311373883	-5.766900916	2107.422898	-0.064055723	122.8488997
14_23	-0.004495118	0.06134878	-2.378371081	809.4629331	1.250331856	77.8033064
14_26	0.008486097	4.268650714	6.130298943	411.1850813	-1.38793986	152.5935484
14_27	-0.004525215	-0.152764788	-3.742537629	1050.140375	2.310700995	-65.34558464
14_28	-0.005037858	3.643745067	-4.668052251	-985.4423249	-11.87540177	182.9035301
14_29	0.007234574	-0.049852136	-7.48014764	2591.173154	-0.350015595	274.4707949
15_1	-0.008410739	1.751464599	0.054347663	929.3430162	-3.707717103	53.75795773
15_2	-0.008410739	3.749627679	-2.474030036	-372.0821956	6.80180302	198.9644796
15_3	0.000135397	-3.603446693	-1.810002111	578.9788201	0.42502342	-39.47243265
15_4	-0.003292286	-2.623656501	2.057545284	-922.1369836	-4.29215269	47.92547446
15_5	-0.025026875	-2.293898864	-0.002590672	-639.5438066	-0.437116751	-111.0882555
15_6	-0.009245663	0.719575334	1.026665297	2035.489965	-3.729187294	298.0610502
15_7	-0.006896589	-3.051586236	1.864740378	-616.9908862	-3.399510105	-39.07879857
15_8	0.009369265	2.58745275	4.849472858	516.9484583	-6.223903138	51.33842133
15_9	-0.008223661	1.871644473	5.349595005	-238.1931125	3.046346702	98.62828907
15_10	-0.02040458	2.796444366	0.664500133	22.43073762	1.826024645	81.57530505
15_11	0.013370918	2.316448147	1.952058186	-224.1094285	0.580491904	261.5274994
15_12	-0.01184233	3.3552443	0.502343615	579.510303	0.29982189	319.5535646
15_13	-0.00189031	0.904679968	7.151544398	-630.4867111	3.859465963	102.0474164
15_14	-0.000164774	1.631975413	0.024589349	133.5266833	2.294710562	-54.05408739
15_15	-0.00602914	-1.429566592	-4.88406599	-168.3965354	-9.230187899	-11.64824215
15_16	-0.004683175	0.778283893	-2.538603944	108.7957543	-7.310996881	53.01390784
15_17	0.006179686	1.802575581	-5.208771679	-369.436309	3.208606522	-17.23865403
15_18	-0.00497442	-0.908378481	-4.576291462	186.9842958	-13.7319715	80.14776113
15_19	-0.012963403	4.735931474	4.609591112	143.9534964	7.035615921	-61.86009005
15_20	-0.00567573	4.665481205	5.32843516	-725.2134348	11.77997571	-78.08634214
15_21	-0.004985626	0.687112954	-1.162470631	744.7088043	-0.378104024	-42.8591415
15_22	-0.017604037	-1.583181566	-2.08E-05	1649.256763	-5.775702318	98.31430393
15_23	-0.014592031	-4.372183476	3.334410977	758.1054917	-3.401027152	80.28206614
15_24	-0.001388083	-3.853476085	5.330456175	620.6386855	3.671559388	-65.70093622
15_25	-0.008364456	-1.391170043	-4.060476299	-342.7388462	-2.059473388	17.00686798
15_26	-0.005040523	-0.617246173	-5.135422874	-278.9059828	6.796156465	20.00155692
15_27	-0.009406444	1.779470852	3.807920452	-550.1841441	-7.646847975	-0.347066153
15_28	0.003441988	1.940753387	6.03979662	127.5870327	-3.499910463	49.16942218
15_29	-0.006476453	-2.019415206	-1.882180737	-503.2971855	-6.35812381	124.174925
15_30	-0.001271458	1.536724132	2.264482753	-974.6659104	1.113546147	179.4070369
15_31	0.002339019	5.492235855	-2.522320944	667.8443	-9.389614014	153.0693075
17_1	-0.017588083	0.430665548	-1.460421385	38.51893624	5.001819186	-88.68606888
17_4	0.001473108	2.737697317	7.500726966	-444.9263816	5.082203454	92.29960325
17_5	0.004242589	3.736504591	1.965581862	90.0130415	-0.748811704	27.67735017
17_6	0.008192406	0.659485396	-4.572610128	-105.8534814	2.019741559	60.25986274
17_7	0.007535633	2.806773897	-0.796311646	142.9335219	-4.392905044	182.0179921
17_8	-0.005533894	1.267371298	-1.955248128	-1074.911558	9.480773205	-0.943065001
17_9	0.011755995	-11.30670035	-2.604229089	-495.1140892	-7.980425063	-148.9557602
17_10	0.004580042	1.419243221	0.338460544	74.93451315	-1.933374174	220.6217345
17_11	0.008063452	3.012992954	-0.414309011	412.7308582	-3.453017794	-100.6695115
17_12	-0.011790239	0.885823977	0.906462591	620.4517177	-1.183357781	125.8418068
17_13	-0.021293661	-0.262522159	3.703202624	15.44716026	-5.813414239	-62.90070169
17_14	0.005674409	1.225159632	1.167223252	379.0228183	1.003020407	-8.565537913
17_15	0.0017087	-2.263510166	0.151955598	659.2163571	3.190009965	231.218026
17_16	0.010248812	1.151139539	-0.276196722	353.6235747	1.22031466	-35.20757693
17_17	-0.005839397	-0.6949556	-1.388876601	-132.8458406	-9.00456327	-188.3292827
17_18	-0.002328265	2.069003666	1.960333358	197.7193637	-2.705621894	0.360527618
17_19	0.004323369	-1.179819231	1.691471738	686.5708241	-0.736103655	37.79099121
17_20	-0.008272404	-0.52711819	0.193540973	-496.6572853	-0.765798972	-72.20265887
17_21	0.000990975	-1.16117063	-2.381902546	-306.2324607	2.202718923	139.845641
17_22	0.020106968	1.145730405	2.323562602	-1062.957333	5.959791494	150.4124825
17_23	0.040175659	-4.077259301	-2.884321784	-1047.671835	-0.976767636	-152.3532113
17_24	0.021728942	-2.436135873	6.094241219	284.2133799	1.543404464	-205.8174127
17_25	0.018858674	1.760443555	1.689017939	404.6499938	7.321097154	-102.7420281
17_27	0.012452105	-2.355212854	5.905525996	-176.1725794	-3.509112079	146.7250088
17_28	0.006273532	-1.796359614	4.005957911	-161.298309	-0.579897285	-137.7882656
17_29	0.00198185	-5.298397336	1.032614116	269.1964409	-0.914054433	13.06626622
17_30	0.012331029	-2.245970654	6.728843865	-283.8826806	-3.39747054	-140.7821276
17_31	-0.008179107	-11.0819448	4.627114278	-108.6151087	-8.751993468	127.4258184
17_32	-0.004231157	-2.404651033	3.972638137	687.6308935	1.929238367	-74.65692277
10_1	-0.011401663	1.73696013	0.49065652	25.48329428	1.652300198	-47.04008925
10_2	-0.016242776	-0.346703246	0.319618311	279.0866245	1.569312559	33.54728593
10_3	-0.003857832	-0.057449714	-4.632986715	586.7522304	5.476100854	52.48449287
10_4	-0.013729944	2.108550777	0.809133602	144.4044378	1.145226173	65.54988436
10_5	-0.019132422	-4.14065774	0.473274209	398.4225241	-4.70518684	134.6786931
10_7	-0.013800523	-2.018521809	2.194681143	-20.96441837	-1.628676743	-83.21927173
10_8	-0.016991117	-2.134825638	1.017324604	-236.4609277	-4.722077803	-18.10629298
10_9	-0.014548299	1.242867896	-0.246205356	131.1360597	-5.633308315	37.0529075
10_10	-0.009299559	-0.407081405	-2.011120262	-537.2990932	0.869331467	164.0807503
10_11	-0.003418702	2.139831889	7.52797292	-553.3912327	-9.102101217	251.7566685
10_12	0.019547888	2.737768393	3.305556228	140.9460881	1.270601376	179.5032105
10_13	-0.00230408	4.408544921	1.834049966	-656.5041846	7.690818061	31.71816115
10_14	-0.031447635	1.764790633	2.167400535	464.5087486	-6.142484664	237.0510039
10_15	-0.00902881	4.315301914	-3.911167695	835.5187036	2.22616356	45.8117489
10_16	-0.009946416	4.981669266	1.518240361	640.5643466	-9.456845583	105.0928856
10_17	0.000448889	-1.691278396	2.111679058	-13.11306582	-0.227718975	-104.1127777
10_18	-0.00862958	-1.050921576	2.640985298	209.2203026	-2.595807324	-97.13465563
10_19	-0.011449056	-0.582410288	4.282006342	725.7771341	0.799543142	4.619173518
10_20	0.010485273	1.582936499	0.441888951	-388.4230086	3.416478281	136.1399739
10_21	-0.006988079	-0.46978402	-3.493438472	-500.9799321	8.692328117	32.42940763
10_22	-0.028940755	2.575251302	3.383001647	31.72647039	-9.220839801	-72.03175476
10_23	0.007288816	-0.699099732	-3.553232429	-1.679905874	-3.493403523	54.59511811
10_24	-0.005649189	1.873935766	-1.106636102	709.1497034	-2.587195209	-107.5711856
10_25	-0.004452951	2.365088866	0.868615292	-587.5607461	3.154535312	24.93908425
10_26	-0.018004288	0.385962489	3.051402474	-374.9776107	-3.901088342	-143.1993832
10_27	-0.009867665	1.137442139	-0.846958347	-328.1355042	-6.566140437	11.67571694
10_28	-0.000638101	2.577528563	-4.94010443	272.5445275	-4.962604606	-21.35391038
10_29	-0.000448374	2.312304011	-3.030826777	473.9949064	-0.311003185	246.1493421
10_30	0.00264095	2.873834114	0.645413641	55.73398578	-5.955269391	-37.90915044
10_31	0.016279039	4.255211978	-2.946283961	1744.340354	2.473520481	128.6311964
10_32	0.003911962	6.426047293	1.932495012	-448.4917297	-2.29543395	-13.59548623
10_33	0.002841789	3.376423027	-0.182362347	-852.3477542	-7.821792662	-48.73032986
13_3	0.010179854	0.845728683	-4.563955465	-835.5043744	-7.180772539	-179.1677987
13_6	-0.000702124	1.931941266	-4.774073927	-1152.109719	-7.919076918	-231.1632274
13_10	0.004348781	4.192287324	0.191819756	694.9891181	1.000268209	-39.14661405
13_11	-0.003717388	3.460919705	-7.072354643	-1453.794897	-12.41090288	-213.0587117
13_12	0.004444481	-1.0444442	-7.080383272	-1466.730891	-6.106780713	-139.1198742
13_13	-0.025561011	-3.893519426	-4.422047049	-1386.816889	-3.541086522	-197.1749004
13_14	0.002101405	-1.931288786	-3.969725851	-1141.260749	-7.649220682	-180.8425488
13_16	0.011962454	-3.529170561	-3.838700566	-1437.400236	2.510460047	-184.3661647
13_17	0.007748808	-4.674705227	-4.055654309	-873.141947	-4.105283642	-128.2871458
13_18	0.032423771	-3.392786569	-5.51996676	-1584.123047	-6.965392088	-197.3467863
13_19	0.004268255	-1.958916347	-3.539379152	-1410.281986	-10.77424258	-261.7871381
13_21	-0.007562119	-7.532353609	-7.919703139	-351.4044639	-13.16572334	-113.5507379
13_28	-0.000660162	-1.174226066	-5.262577942	-942.7108124	-4.923612919	-141.4755947
13_29	0.05884929	-4.889386722	-4.785320291	-1215.473625	-11.80754822	-228.0456139
29_1	0.005681843	0.778144818	-4.053159973	-2117.205229	0.2868593	-189.1258688
29_2	0.012461691	2.23563754	-3.010899172	-1444.524461	-7.458787987	-193.1038312
29_3	0.001407076	-3.358942811	-2.407361328	-1063.993977	-1.379770476	-127.5713678
29_4	0.011774316	-0.942738139	-4.240256514	-1725.835466	-5.159551624	-194.776708
29_5	0.022883928	-4.495816795	-2.955908168	-1525.128644	-7.614887704	-153.132904
29_8	0.013267791	0.093392918	-4.181658032	-838.3033223	-8.049205353	-146.471157
29_9	0.005938956	-2.869227739	-2.434881617	-1945.580946	1.328575748	-221.1336046
29_10	0.014210306	-1.622550835	-4.805378235	-1364.744278	-8.444892661	-221.6016268
29_11	-0.000640232	0.88464999	-4.39057834	-1421.900445	1.648461107	-172.5865735
29_12	-0.002866823	5.010825669	-3.379746755	-1026.40073	-2.845003728	-185.7294137
29_13	0.030833557	0.831803893	-3.456193272	-1947.76982	-3.67510376	-204.7563795
29_14	0.009108396	0.940595792	-5.123810946	-1647.531208	-12.91757899	-232.3808072
29_15	-0.006316266	2.848969314	-4.054767538	-807.9470297	0.853095355	-143.7108768
29_17	0.023399275	-3.853031074	-3.184980954	-1762.572572	-4.551917531	-197.2829038
29_19	-0.01088396	-3.622656069	-2.400119567	-983.2690621	-5.235913645	-193.9834349
29_22	0.004940615	-3.756206795	-2.086249015	-898.4565866	-2.78671657	-196.1545013
29_29	0.016831118	-1.823060017	-3.519604494	-1030.971866	-7.786091206	-198.8867232
